"C:\Program Files\Java\jdk-12.0.2\bin\java.exe" "-javaagent:D:\IntelliJ IDEA 2019.1.3\lib\idea_rt.jar=52146:D:\IntelliJ IDEA 2019.1.3\bin" -Dfile.encoding=UTF-8 -classpath D:\INTELLIJ_WORKSPACE\Try_CompletableFuture_multi_tasks\out\production\Try_CompletableFuture_multi_tasks mainPackage4.ClassTry_AtomicInteger2
0
0
1
2
3
4
5
6
7
8
9
10
10
11
12
13
14
15
16
17
11
12
13
1
2
3
4
5
6
7
8
9
10
11
12
13
14
15
16
17
18
18
19
20
21
21
22
23
24
25
25
26
27
22
19
20
21
22
23
24
25
26
27
28
29
30
31
32
33
34
35
36
37
38
39
40
40
41
42
43
44
45
45
46
47
48
49
50
51
52
53
54
55
56
57
58
59
60
60
61
62
63
64
65
66
67
68
69
70
71
72
72
73
74
75
76
77
78
41
42
43
44
44
45
46
47
48
49
50
50
51
52
52
53
53
54
55
56
51
52
53
54
55
56
57
58
59
60
61
62
63
45
45
46
47
47
48
49
50
51
52
53
54
55
56
57
58
59
60
61
62
63
64
65
66
67
68
69
70
71
72
73
74
75
73
74
74
75
76
77
78
79
80
81
82
83
84
85
86
87
87
87
88
89
90
91
92
93
94
95
96
97
98
99
100
61
62
63
64
65
66
67
68
69
70
71
72
73
74
75
76
77
78
79
80
81
82
83
84
85
86
86
87
87
88
89
90
91
92
93
94
95
46
47
48
49
50
51
52
53
53
54
55
56
57
88
89
87
88
89
90
91
92
93
94
94
94
95
95
96
97
97
98
99
100
100
101
102
103
104
105
106
107
108
109
110
111
112
113
114
115
116
117
118
119
120
121
88
89
88
89
89
89
89
90
91
92
93
94
95
96
97
98
99
100
75
76
77
78
79
80
80
81
82
83
84
85
86
87
88
89
90
91
92
93
94
95
96
97
98
99
100
100
101
102
103
104
105
106
107
108
109
110
111
112
113
114
115
46
47
48
49
50
51
52
52
53
54
55
56
57
58
59
59
60
61
62
63
64
65
66
67
68
69
70
71
72
73
74
75
60
61
62
63
64
65
66
67
67
68
69
70
71
72
73
74
75
75
76
77
53
53
54
55
56
57
58
59
60
61
62
63
64
65
66
67
68
69
70
71
72
73
74
75
76
77
78
79
80
81
82
83
84
85
86
87
88
89
90
91
92
93
94
95
96
97
98
99
99
100
101
102
103
101
102
103
104
105
106
107
108
109
110
111
112
113
114
115
116
117
118
119
120
121
122
123
124
125
126
127
128
129
130
131
132
132
133
134
135
136
137
81
81
82
83
83
84
85
86
87
88
89
101
102
103
104
105
106
107
108
109
110
111
112
113
114
115
116
117
118
119
120
121
122
123
124
125
126
127
128
129
130
131
132
133
134
135
136
137
138
139
140
141
142
143
144
145
146
90
91
91
91
90
91
92
92
93
94
95
95
96
97
98
99
100
101
102
102
103
104
105
106
107
108
109
110
111
112
113
114
114
115
116
117
118
119
120
121
121
122
123
124
125
126
127
128
129
130
131
132
133
101
102
103
104
105
98
98
99
99
100
101
102
103
96
96
97
98
99
100
95
96
96
97
95
96
97
98
58
59
60
61
62
63
64
65
66
67
68
69
70
71
72
73
74
75
76
77
78
79
80
54
55
56
57
58
59
60
61
62
63
64
65
66
67
68
69
70
71
72
73
74
75
76
77
78
79
80
81
82
83
84
85
86
87
88
89
90
91
92
93
94
95
96
96
96
97
98
99
100
101
102
103
104
105
106
107
97
98
99
100
101
102
103
103
104
104
105
106
107
107
108
109
110
97
98
99
100
100
101
102
103
103
104
105
106
107
108
109
110
111
100
101
102
103
104
99
100
100
101
102
103
104
105
106
107
108
109
109
109
110
111
122
123
124
125
125
126
127
128
129
130
115
116
116
117
118
119
120
121
122
123
124
125
103
104
104
105
106
107
96
96
97
98
99
93
94
95
96
92
92
93
94
95
96
97
98
99
100
101
102
103
103
104
105
106
107
108
109
110
111
112
113
114
115
116
117
118
119
119
120
121
122
123
124
125
126
126
127
128
129
130
130
131
132
133
134
135
136
137
138
138
139
140
141
142
143
144
145
146
146
147
148
149
150
151
152
153
154
155
156
157
157
158
159
160
161
162
163
164
164
165
166
84
84
85
86
87
88
89
90
90
91
92
93
94
95
96
97
98
99
100
101
133
134
135
135
136
137
138
139
139
140
141
142
143
144
145
145
146
147
148
149
150
151
152
153
154
155
155
156
157
158
159
160
161
162
163
163
164
165
166
167
168
168
169
170
171
172
172
172
173
174
175
176
177
178
178
179
180
181
182
183
100
101
102
103
104
105
105
106
107
108
109
110
111
112
113
114
115
116
117
118
119
120
121
121
122
123
124
125
126
127
128
129
129
130
131
132
133
134
54
55
56
57
58
59
60
61
62
63
64
65
66
67
68
69
68
69
70
71
72
72
73
74
75
75
76
77
77
78
79
80
81
82
82
83
84
85
86
87
88
88
89
90
91
92
93
94
95
96
97
98
99
100
101
102
103
104
104
105
106
107
107
108
109
110
111
112
113
113
114
115
116
117
118
119
120
121
122
123
124
89
90
91
92
93
94
95
96
97
98
99
99
100
101
101
102
103
104
83
73
74
75
76
77
78
79
79
80
81
82
82
83
84
84
85
86
87
88
89
90
91
92
93
94
94
95
96
97
98
99
100
101
102
102
103
104
105
106
107
108
109
109
110
111
112
113
114
115
116
116
117
117
118
118
119
120
121
121
122
123
124
125
125
130
131
132
133
134
135
136
137
138
138
139
140
141
142
143
122
123
124
125
126
127
128
129
130
131
132
133
134
135
136
137
138
138
139
140
141
142
143
144
145
146
147
148
149
106
107
107
108
108
109
110
111
112
113
114
114
115
116
117
118
119
120
120
121
121
122
123
124
125
179
180
180
181
182
183
184
185
185
186
187
188
188
189
173
174
169
170
171
172
172
173
174
175
176
177
178
179
180
181
164
165
165
165
166
166
167
168
169
170
156
157
158
159
160
161
162
162
163
164
165
166
167
167
168
169
170
171
146
147
148
149
150
151
151
151
152
140
141
142
143
144
144
145
146
136
137
138
139
140
141
142
143
144
145
146
146
147
148
147
148
149
150
151
151
152
152
153
154
155
156
156
157
91
92
93
94
94
95
96
97
98
99
100
101
102
103
104
105
106
107
85
86
87
88
89
90
90
165
166
167
168
169
169
170
171
172
173
174
175
176
177
178
179
180
181
182
158
159
159
159
160
161
162
163
164
165
166
166
167
168
169
170
171
172
147
148
149
150
151
152
139
139
140
141
142
142
143
144
131
132
132
133
134
135
136
137
138
139
140
141
142
143
120
121
122
123
124
125
126
127
128
129
130
131
132
133
134
135
136
137
138
139
140
141
104
105
106
107
107
108
109
110
111
112
112
113
114
115
116
117
118
119
120
121
122
122
123
124
125
126
127
128
129
130
131
132
133
134
135
136
137
138
138
139
140
141
142
143
144
145
146
147
148
149
150
151
152
153
154
155
156
156
157
105
106
107
107
108
109
110
111
111
112
113
114
115
116
117
118
119
119
120
121
122
122
117
118
119
120
120
121
122
123
124
125
126
127
128
129
130
110
111
112
110
111
111
112
113
114
115
116
117
117
118
119
120
121
101
102
102
103
104
105
106
107
108
109
110
111
112
113
114
115
116
117
117
118
119
119
120
121
104
104
105
101
102
103
104
105
106
107
108
108
109
110
111
112
108
109
105
104
105
106
107
108
109
109
110
111
112
113
114
115
116
116
116
117
118
119
120
121
122
123
124
97
98
99
100
101
102
103
103
104
105
106
107
108
109
110
111
112
113
114
115
115
116
117
118
119
120
121
122
123
124
125
126
126
126
126
126
127
104
105
106
117
117
118
119
120
121
122
123
124
125
126
127
128
129
130
110
111
112
113
114
115
116
109
110
111
112
113
114
115
116
117
118
118
119
105
106
107
108
120
121
122
118
119
119
120
121
122
123
124
125
126
126
127
128
129
130
130
131
132
132
132
133
103
104
105
106
107
108
109
109
110
111
111
112
112
112
113
114
115
116
117
118
119
120
121
118
119
119
120
121
121
122
122
123
124
125
126
127
128
129
130
131
132
132
133
134
134
135
135
112
113
114
115
116
117
118
119
120
121
122
123
124
124
121
122
122
123
124
125
126
127
127
128
129
123
124
125
126
127
128
120
121
122
123
124
112
113
108
157
158
159
160
160
161
162
163
163
164
165
166
167
168
169
170
171
172
173
174
175
176
177
177
178
179
180
181
182
183
184
185
186
187
188
188
189
190
191
191
192
139
140
141
142
143
144
145
146
147
148
149
150
151
152
152
153
123
113
114
114
115
115
116
117
118
119
120
120
121
121
122
122
108
109
110
111
112
113
114
115
116
117
118
118
118
119
120
121
122
123
124
125
126
127
128
129
130
130
131
132
132
132
133
134
135
136
137
138
139
140
141
142
143
144
145
146
147
148
149
149
150
151
152
153
154
155
156
157
157
158
159
160
160
161
161
162
163
164
165
166
167
168
169
169
169
170
171
172
173
174
175
176
177
178
179
180
181
133
134
135
136
137
138
139
140
143
144
144
145
146
147
148
140
141
142
143
144
145
146
147
148
148
149
150
151
151
152
153
154
155
156
156
157
158
159
160
167
168
169
170
171
172
173
174
175
176
177
178
179
180
160
160
161
162
163
164
164
165
166
170
171
172
173
174
175
176
177
178
179
180
180
91
92
93
94
95
96
97
98
99
100
101
102
102
103
104
95
96
97
157
158
159
159
160
161
162
163
164
165
166
167
168
169
170
171
172
173
174
175
176
177
178
179
180
181
182
183
184
185
186
187
187
188
189
190
191
192
193
194
195
196
197
198
199
200
145
152
153
154
155
152
153
153
153
154
155
156
156
157
158
159
160
161
162
163
164
165
165
168
169
169
170
171
172
163
164
165
166
167
168
169
170
171
172
173
174
175
176
177
178
179
179
180
167
167
166
167
168
169
170
171
172
173
174
175
166
167
167
168
169
170
171
172
173
174
175
176
177
178
179
180
181
182
183
173
174
174
175
176
177
178
179
180
181
189
190
191
192
193
194
195
196
197
198
186
187
181
122
123
124
124
125
125
126
127
128
129
130
131
121
115
116
117
118
119
120
121
109
109
110
111
112
108
109
109
110
111
111
112
112
113
139
140
141
142
143
144
145
146
147
148
149
150
151
151
152
153
153
154
155
156
157
158
159
160
139
140
141
142
143
144
145
126
127
127
127
128
129
122
123
124
125
126
127
128
129
119
120
118
119
119
117
118
119
120
121
122
123
124
125
126
127
127
128
128
128
128
129
110
111
112
113
114
115
116
117
118
103
104
105
106
107
108
109
110
111
112
113
114
115
116
117
118
95
96
96
97
98
99
100
101
102
103
104
105
106
107
108
109
110
111
85
86
83
80
81
82
83
84
85
86
87
88
89
90
91
92
93
94
95
96
97
98
99
100
101
102
103
104
102
102
103
104
105
106
107
107
108
109
100
101
102
114
115
116
108
109
105
106
107
108
109
110
111
112
113
114
115
116
116
117
118
119
120
121
122
123
124
125
125
125
126
127
128
129
130
131
132
133
134
135
136
137
138
139
140
108
109
110
103
104
105
106
107
108
109
110
111
112
113
114
115
116
117
118
119
120
120
121
122
123
124
125
126
126
127
128
129
130
131
132
133
134
135
136
137
138
138
139
140
141
141
142
143
144
145
145
146
147
148
149
97
98
99
100
101
102
103
104
105
106
107
108
109
110
111
112
113
114
115
116
116
117
117
118
119
129
129
129
130
131
131
132
133
134
128
129
120
121
122
122
123
124
124
125
126
127
128
129
130
131
132
133
134
128
129
128
128
129
130
131
132
133
134
135
136
137
138
139
140
140
141
142
143
144
145
146
147
148
149
154
155
156
157
158
159
160
161
162
163
164
165
166
167
168
169
170
171
172
173
173
174
175
176
177
178
178
179
180
181
182
183
184
185
186
186
187
188
189
190
191
192
193
194
195
113
113
113
114
112
113
113
114
115
115
116
117
118
119
110
111
112
113
114
115
116
117
118
119
120
121
122
110
111
112
113
114
115
116
117
118
119
120
121
122
123
124
125
126
127
128
129
130
131
132
133
134
135
136
137
138
139
140
141
142
143
144
145
146
147
148
149
150
151
152
153
154
155
156
157
158
159
160
161
162
163
164
165
166
167
168
169
170
171
172
173
174
175
176
177
178
179
180
181
182
183
184
185
186
187
188
189
190
191
192
193
194
195
196
197
198
199
200
201
202
203
204
205
206
207
208
209
210
211
212
213
214
215
216
217
218
219
220
221
222
223
224
225
226
227
228
229
230
231
232
233
234
235
236
237
238
239
240
241
242
243
244
245
246
247
248
249
250
251
252
253
254
255
256
257
258
259
260
261
262
263
264
265
266
267
268
269
270
271
272
273
274
275
276
277
278
279
280
281
282
283
284
285
286
287
288
289
290
291
292
293
294
295
296
297
298
299
300
301
302
303
304
305
306
307
308
309
310
311
312
313
314
315
316
317
318
319
320
321
322
323
324
325
326
327
328
329
330
331
332
333
334
335
336
337
338
339
340
341
342
343
344
345
346
347
348
349
350
350
351
352
353
354
355
356
357
358
359
360
361
362
363
364
365
366
367
368
369
370
371
372
373
374
375
376
377
378
379
379
380
381
382
383
384
385
386
386
386
386
386
386
387
388
388
389
390
126
127
128
129
130
131
132
133
134
135
135
136
137
138
139
125
126
127
127
127
127
128
129
130
131
132
133
134
135
136
137
138
139
140
141
142
143
144
145
145
175
176
177
178
179
180
181
182
183
184
185
186
187
188
189
190
191
192
193
193
194
194
195
196
168
169
170
171
172
173
174
175
176
177
178
168
169
180
181
182
183
184
185
186
187
188
189
190
191
192
193
194
195
196
197
198
199
200
201
201
202
203
204
205
206
207
208
209
210
211
212
213
214
215
216
217
218
219
220
221
222
223
224
225
226
227
228
229
230
231
232
233
234
235
236
237
238
239
240
241
242
243
244
245
246
247
248
249
250
251
252
253
254
255
256
256
256
256
257
257
258
258
259
170
171
172
172
173
174
175
176
176
166
167
168
169
170
171
172
173
174
175
176
177
178
157
158
159
159
160
161
162
163
164
165
166
154
155
156
154
155
156
157
158
159
160
160
161
162
163
164
165
166
167
168
169
169
170
171
172
173
174
175
176
177
178
179
180
181
182
183
184
185
186
187
188
189
190
191
192
188
189
190
191
191
192
193
194
195
196
197
198
199
200
201
202
203
204
205
206
160
161
162
163
164
165
166
167
168
169
170
171
172
172
173
174
103
104
105
105
106
181
182
183
184
185
186
187
188
188
189
190
191
192
193
193
194
195
196
197
198
199
200
201
202
203
204
205
206
207
165
166
167
167
168
169
170
171
172
173
173
174
175
176
177
178
179
180
181
181
182
183
183
184
185
186
187
188
189
190
191
191
192
157
158
159
160
161
162
163
164
165
166
166
167
168
169
170
170
171
172
173
174
175
176
177
178
179
149
150
151
152
153
154
155
156
157
158
159
160
160
161
162
163
164
145
146
147
148
149
150
151
152
152
153
154
155
156
156
156
170
170
171
170
171
171
172
162
163
164
165
166
167
168
161
158
159
160
161
162
162
163
164
150
150
151
152
153
154
155
156
157
158
159
160
161
162
163
164
165
166
167
133
134
131
132
133
133
134
134
135
136
137
138
139
140
141
142
142
143
144
145
146
147
148
148
148
149
149
119
120
119
120
121
122
123
124
125
126
127
127
127
128
129
130
131
132
133
134
123
122
123
121
122
116
117
118
119
115
153
154
154
155
156
157
158
159
160
161
162
163
164
164
165
166
167
168
168
169
169
170
171
172
173
174
175
176
177
178
179
180
181
182
192
193
194
195
196
197
198
199
200
201
202
203
204
205
206
207
207
208
209
210
211
212
213
214
215
216
217
218
219
220
221
222
223
224
225
226
227
228
229
230
231
232
232
189
190
191
178
179
180
181
182
183
184
164
165
166
167
161
162
163
164
165
166
167
168
169
170
171
172
173
174
175
128
129
129
130
131
132
123
124
125
126
127
128
129
130
131
132
132
133
125
126
127
128
129
130
135
136
137
138
139
140
133
134
135
136
137
138
139
140
141
142
143
144
145
123
124
120
121
122
123
124
125
126
127
128
129
130
113
113
114
115
112
113
114
115
116
117
118
119
120
121
122
110
133
134
135
136
137
138
131
132
133
134
135
136
137
127
128
120
121
122
123
123
123
124
125
126
127
128
129
129
119
120
120
121
122
123
124
125
125
126
127
128
129
129
130
131
132
133
133
134
135
135
136
137
138
139
140
141
141
142
143
144
144
145
146
146
147
148
149
150
151
152
153
154
155
156
157
158
159
160
161
162
163
163
164
165
166
167
168
169
170
171
172
173
174
175
176
177
178
179
180
181
181
182
183
184
185
127
127
128
128
129
130
130
131
132
127
127
128
129
130
130
131
132
133
134
135
136
137
137
137
138
139
139
140
141
142
143
144
145
146
146
147
147
148
149
150
150
150
151
151
151
151
151
152
152
153
154
155
155
156
157
158
159
160
161
162
163
164
116
116
117
118
119
120
121
122
123
124
125
126
127
128
129
130
130
131
132
133
134
135
135
136
137
138
139
140
141
142
143
144
145
146
147
148
149
150
151
152
153
154
155
156
157
158
159
160
161
162
163
164
165
166
167
168
168
169
170
171
172
173
156
157
158
159
160
161
162
163
164
165
166
167
168
169
170
171
172
173
174
175
176
177
178
179
180
181
182
183
153
154
155
156
157
158
159
160
161
162
163
164
165
166
167
168
169
170
171
172
173
174
175
176
176
152
153
154
155
156
157
158
159
160
152
152
153
153
154
155
156
157
158
159
160
161
162
163
164
165
166
167
152
153
154
155
156
157
158
159
160
161
162
163
164
164
165
166
167
168
169
170
171
172
172
172
173
174
175
176
151
152
153
154
151
152
153
154
155
156
157
157
158
159
160
161
162
162
163
164
165
166
167
168
169
170
171
148
149
150
151
152
153
154
155
156
157
158
159
160
138
131
131
132
133
134
135
136
137
138
139
139
140
140
141
129
130
131
132
133
134
135
136
137
138
139
140
141
142
143
144
145
146
147
148
149
150
151
152
182
183
184
185
186
187
188
189
190
191
192
193
194
195
196
197
198
198
199
200
201
202
203
204
205
206
164
165
166
167
168
169
170
171
172
173
174
175
176
177
177
178
179
180
181
182
183
183
183
184
184
185
186
187
188
189
190
191
192
193
194
194
195
196
197
198
199
199
200
201
201
202
203
204
204
147
147
148
148
149
150
151
145
146
147
148
149
150
150
150
151
152
153
154
155
156
157
158
159
160
161
162
163
164
165
166
167
168
169
170
142
143
144
145
146
147
148
149
136
137
137
138
139
140
134
134
135
136
136
137
138
139
140
130
131
126
127
128
129
129
130
131
132
133
134
134
130
131
131
124
125
124
125
126
127
128
129
130
131
132
133
134
135
136
136
137
138
139
139
140
141
142
143
143
144
145
133
134
135
136
136
137
138
139
130
131
132
133
134
135
135
136
137
138
139
139
140
141
142
143
144
145
146
147
147
148
149
150
151
151
152
153
153
154
155
156
157
158
159
160
233
234
235
236
237
208
209
210
211
212
213
214
215
216
217
218
219
220
221
222
222
223
224
224
225
226
227
228
228
229
230
230
231
232
233
234
234
235
236
237
237
238
239
239
240
241
242
242
243
244
245
246
247
248
249
250
251
252
253
254
255
256
257
258
259
260
261
262
263
264
265
266
267
268
269
270
271
272
273
274
275
275
276
277
277
278
279
280
281
282
283
284
285
286
287
288
289
290
291
291
170
171
172
173
174
175
169
170
165
166
155
156
157
158
159
160
128
129
130
131
132
133
133
133
134
128
128
129
130
131
132
133
134
135
136
137
138
139
140
141
142
143
144
145
150
143
144
145
146
147
148
149
149
150
151
152
153
154
155
156
157
158
159
160
161
162
163
164
165
166
167
168
169
170
171
171
171
172
173
174
175
176
177
178
179
135
136
137
134
135
136
137
138
139
140
141
142
143
144
145
146
147
148
149
150
151
152
153
154
155
156
157
158
159
160
161
162
163
163
164
164
165
166
167
168
169
170
171
172
173
174
175
176
177
178
179
180
151
152
153
154
155
156
157
158
159
160
161
162
163
164
165
166
167
168
169
170
171
172
173
174
175
176
177
178
179
180
181
182
183
184
163
164
165
166
167
168
169
169
169
170
171
172
173
174
174
175
172
173
174
175
175
157
158
159
159
160
153
154
155
156
157
157
157
158
159
161
162
171
172
173
174
175
176
177
178
179
180
180
181
181
182
183
184
184
184
167
168
168
169
170
171
172
172
173
174
175
176
177
178
192
193
194
195
196
197
198
199
199
200
201
202
182
183
183
184
185
186
174
175
176
176
176
177
177
177
168
169
170
171
172
173
174
175
175
176
177
178
179
179
180
189
190
191
192
193
194
195
196
197
198
199
200
201
202
203
204
205
206
207
207
207
208
209
210
211
212
213
214
215
216
217
218
219
220
221
222
223
224
225
226
227
228
229
230
231
232
233
234
235
235
236
237
238
239
240
240
241
242
243
244
244
245
246
247
248
249
250
251
192
193
193
193
194
195
196
197
198
198
199
200
201
202
203
204
205
206
207
170
170
171
172
173
174
175
176
177
178
179
180
180
180
181
182
183
184
161
162
163
164
165
166
167
168
169
170
171
172
173
174
175
176
177
177
178
179
180
181
182
160
161
162
163
164
165
166
167
168
169
169
170
171
172
173
174
174
175
176
177
178
179
180
180
173
259
260
261
262
263
264
264
257
257
258
257
258
259
260
261
262
263
264
265
266
267
268
202
202
203
204
205
206
207
208
209
210
211
212
213
213
213
214
215
216
195
196
197
198
194
195
196
196
197
198
199
200
200
201
202
203
204
205
206
207
208
209
210
211
212
213
214
215
216
146
147
148
149
150
151
152
153
154
154
155
156
157
158
159
160
161
162
163
164
165
166
167
168
169
128
129
136
137
138
139
140
141
142
143
143
143
143
144
145
146
147
148
149
150
151
152
152
153
153
154
155
156
157
158
159
160
161
162
163
164
164
165
166
167
168
169
170
171
172
173
174
175
176
177
178
179
180
181
182
389
389
390
391
392
393
394
395
396
397
397
398
399
400
401
402
403
404
405
387
387
388
389
390
391
392
393
394
395
396
397
398
399
400
401
402
403
404
405
406
407
408
409
410
411
412
413
414
415
416
416
417
418
419
420
421
422
423
424
425
426
427
428
429
430
431
432
433
434
435
436
437
438
439
440
441
442
443
444
445
446
447
448
449
450
451
452
453
454
455
456
457
458
459
460
461
462
463
464
465
466
467
468
469
469
470
471
472
473
474
474
475
476
477
478
478
479
480
480
480
481
380
381
382
383
384
385
386
387
388
389
390
391
392
393
394
395
396
397
398
399
400
401
402
403
404
405
406
407
408
409
410
411
412
413
414
415
416
417
418
419
420
421
422
423
424
425
426
427
428
429
430
431
432
433
434
435
436
437
438
439
440
440
441
442
443
444
445
446
447
448
449
450
451
452
453
454
455
456
457
458
459
460
461
462
463
464
465
466
467
468
469
470
471
472
473
474
475
476
477
478
479
480
481
482
483
484
485
486
487
488
489
490
491
492
493
494
495
496
497
498
499
500
501
502
503
504
505
506
507
508
509
510
511
512
513
514
515
516
517
518
519
520
521
522
523
524
525
526
527
528
529
530
531
532
533
534
535
536
537
538
539
540
541
542
543
544
545
546
547
548
549
351
352
353
354
355
356
357
358
359
360
361
362
363
364
365
366
367
368
369
370
371
372
373
374
375
376
377
378
379
380
381
382
383
384
385
386
387
388
389
390
391
392
393
394
395
396
397
398
399
400
401
402
403
404
405
406
407
408
409
410
411
412
413
414
415
416
417
418
419
420
421
422
423
424
425
425
426
427
428
429
430
431
432
433
434
435
436
437
438
439
440
441
442
443
444
445
446
447
448
449
450
451
452
453
454
455
456
457
458
459
460
461
462
463
464
465
466
467
468
469
470
471
472
473
474
475
476
477
478
479
480
481
482
483
484
485
486
487
488
489
490
491
492
493
494
495
496
497
498
499
500
501
502
503
504
505
506
507
508
509
510
511
512
513
514
515
516
517
518
519
520
521
522
523
524
525
526
527
528
529
530
531
532
533
534
535
536
537
538
539
540
541
542
543
544
545
546
547
548
549
550
551
552
553
554
555
556
557
558
559
560
560
561
562
562
563
564
565
566
567
568
569
570
571
571
572
573
574
575
576
577
578
578
579
580
580
581
582
583
584
585
586
587
588
589
590
591
592
593
594
595
596
597
598
599
600
601
602
603
604
605
606
607
608
609
610
610
611
612
613
614
615
616
617
618
116
117
118
119
114
115
115
116
117
114
114
115
116
117
117
118
119
120
121
122
123
123
187
187
188
188
189
190
191
192
193
179
174
175
175
175
176
177
178
179
179
180
181
182
182
183
184
184
185
185
186
187
188
189
190
141
142
143
144
145
146
147
148
149
150
151
152
153
154
155
156
157
158
129
129
130
130
131
132
133
134
135
136
137
138
139
140
141
142
143
144
145
146
147
148
149
150
151
152
153
154
155
156
157
158
159
160
161
162
163
164
165
166
167
168
169
125
126
123
124
125
126
126
127
128
129
130
131
132
132
133
134
135
136
137
138
139
140
141
142
143
144
145
146
147
148
149
150
151
152
153
154
155
156
157
157
158
159
159
160
161
161
162
163
163
164
165
165
166
167
168
169
118
119
120
120
117
118
119
120
121
122
123
124
125
126
127
128
129
130
131
132
133
134
135
136
137
138
139
140
140
141
141
142
142
143
144
145
146
146
147
148
149
150
151
152
153
154
155
156
157
158
159
160
161
162
163
164
165
166
167
168
169
170
171
172
173
174
146
142
143
144
145
146
147
147
148
148
149
150
150
151
152
153
153
154
155
139
140
141
142
142
142
143
144
145
127
128
129
130
131
132
133
133
134
135
136
137
138
139
140
141
121
122
123
124
125
126
127
128
129
130
131
132
133
134
135
136
137
138
139
140
141
142
143
144
145
146
147
148
149
150
151
152
153
154
155
156
156
157
158
159
160
160
161
162
163
164
165
166
167
168
169
169
170
171
172
173
174
175
176
177
177
178
179
180
181
126
127
127
128
129
130
131
132
133
134
135
136
136
126
127
128
129
130
131
132
132
133
134
135
136
137
138
139
140
141
141
142
143
143
144
145
146
147
148
148
149
150
151
152
153
133
134
135
136
137
138
139
139
140
141
142
143
144
145
146
147
148
149
150
151
152
152
153
154
155
156
157
158
159
160
161
162
128
129
130
131
132
132
133
134
178
179
180
181
182
183
184
184
185
186
187
188
170
171
172
173
173
174
175
176
177
178
179
180
181
182
183
184
161
162
163
157
158
159
160
161
161
162
163
164
164
165
166
167
168
169
170
171
172
173
174
175
176
177
178
179
180
181
182
183
184
185
186
187
188
189
190
191
192
193
194
194
195
196
197
198
199
199
200
200
201
201
202
134
135
136
137
143
144
145
146
143
144
145
146
147
148
149
154
155
156
157
158
151
152
153
148
149
150
151
152
153
154
155
156
157
158
159
160
161
162
163
164
165
166
167
168
169
170
171
172
173
174
174
175
176
177
178
179
180
181
182
183
184
185
186
187
188
188
189
190
191
192
193
194
195
196
197
198
199
200
201
202
203
204
205
206
207
208
209
210
211
212
213
214
215
216
217
218
219
220
221
222
223
224
225
226
227
228
229
230
230
231
231
232
232
233
233
234
235
236
237
238
238
239
240
241
242
243
244
245
246
247
248
147
148
149
150
151
152
143
144
145
146
147
148
149
150
142
143
144
145
146
141
142
143
144
145
146
147
148
149
150
151
152
153
154
155
156
157
121
122
166
167
168
169
170
171
164
165
166
162
163
164
160
158
159
160
161
162
163
164
165
166
167
168
169
170
171
172
173
174
175
176
177
178
179
180
181
182
183
184
185
130
131
132
133
134
135
136
137
138
139
140
141
142
143
144
145
146
147
148
149
150
151
152
152
153
154
155
156
157
158
159
160
161
186
185
186
187
188
189
190
183
184
185
186
187
188
189
190
191
180
181
176
177
178
189
190
188
124
125
126
127
128
129
130
131
132
133
118
119
120
121
122
123
116
117
118
119
120
121
122
123
124
125
126
127
611
612
613
614
615
616
617
618
619
620
581
579
572
561
562
563
564
565
566
567
568
569
570
571
572
573
574
575
576
577
578
579
580
581
582
583
584
585
586
587
588
589
590
591
592
593
441
442
443
444
445
446
447
448
449
450
451
452
453
454
455
456
457
481
481
482
483
479
475
476
477
478
479
470
471
472
473
417
417
418
419
420
421
422
423
424
425
426
427
428
429
430
431
432
433
434
435
436
437
438
439
440
441
442
443
444
445
446
447
448
449
450
451
452
453
454
455
456
457
458
398
399
400
401
390
391
392
393
394
395
165
166
167
168
169
170
171
172
173
174
175
176
177
178
179
180
181
182
183
184
185
186
187
188
189
190
191
192
193
194
195
196
197
198
199
200
201
202
203
204
205
206
207
208
209
210
211
212
213
214
215
216
217
218
219
220
221
154
155
156
157
153
154
155
156
157
144
145
146
147
148
149
150
151
152
153
155
156
157
158
159
160
161
162
163
164
165
166
167
168
169
170
201
202
197
198
199
200
201
202
203
214
214
215
216
217
218
219
220
203
204
205
206
207
208
209
210
265
266
267
268
269
270
271
272
273
274
275
276
181
182
183
184
185
186
175
176
177
170
171
172
173
174
175
176
177
178
179
180
181
178
179
180
181
182
183
181
182
183
184
185
171
172
173
174
175
176
177
178
179
199
200
201
194
195
196
197
198
199
200
201
241
242
243
236
237
238
239
240
241
241
242
243
244
245
246
247
248
249
250
251
252
253
254
255
256
257
258
259
260
261
262
263
264
265
266
267
268
269
270
271
272
273
274
275
276
277
278
279
280
281
282
283
284
285
286
287
288
289
290
291
292
293
294
295
296
297
298
299
300
301
302
303
304
305
306
307
308
309
310
311
312
313
314
315
316
317
318
319
320
321
322
323
324
325
326
327
328
329
330
331
332
333
334
335
336
337
338
339
340
341
342
343
344
345
346
347
348
349
350
351
352
353
354
355
356
357
358
359
360
361
362
363
364
365
366
367
368
369
370
371
372
373
374
375
376
377
378
379
380
381
382
383
384
385
386
387
388
389
390
391
392
393
394
395
396
397
398
399
400
401
402
403
404
405
406
407
408
409
410
411
412
413
414
415
416
417
418
419
420
421
422
423
424
425
426
427
428
429
430
431
432
433
434
435
436
437
438
439
440
441
442
443
444
445
446
447
448
449
450
451
452
453
454
455
456
457
458
459
460
461
462
463
464
465
466
467
468
469
470
471
472
473
474
475
476
477
478
479
480
481
482
483
484
485
486
487
488
489
490
491
492
493
494
495
496
497
498
499
500
501
502
503
504
505
506
507
508
509
510
511
512
513
514
515
516
517
518
519
520
521
522
523
242
243
244
245
246
247
248
249
250
251
252
253
254
255
256
257
258
259
260
261
262
263
264
265
266
267
268
269
270
271
272
273
274
275
276
277
278
279
280
281
282
283
284
285
286
287
288
289
290
291
292
293
294
295
296
297
298
299
300
301
302
303
304
305
306
307
308
309
310
311
312
313
314
315
316
317
318
319
320
321
322
323
324
325
326
327
328
329
330
331
332
333
334
335
336
337
338
339
340
340
341
342
343
343
344
345
346
347
348
349
350
351
352
353
354
355
356
357
358
359
360
361
362
363
364
365
366
367
368
369
370
371
372
373
374
375
376
377
378
379
380
381
382
383
384
385
386
387
388
389
390
391
392
393
394
395
396
397
398
399
400
400
401
402
403
403
404
405
406
407
408
409
410
411
412
413
414
415
416
417
418
419
420
421
422
423
424
425
426
427
428
429
430
431
432
433
434
435
436
437
438
439
440
441
442
443
444
445
446
447
448
449
450
451
452
453
454
455
456
457
458
459
460
461
462
463
464
465
466
467
468
469
470
471
472
473
474
475
476
477
478
479
480
481
482
483
484
485
486
487
488
489
490
491
492
493
494
495
496
497
498
499
500
501
502
503
504
505
506
507
508
509
510
511
512
513
514
515
516
517
518
519
520
521
522
523
524
525
526
527
528
529
530
531
532
533
534
535
536
537
538
539
540
541
542
543
544
545
546
547
548
549
550
551
552
553
554
555
556
557
558
559
560
561
562
563
564
565
566
567
568
569
570
571
572
573
574
575
576
577
578
579
580
581
582
583
584
585
586
587
588
589
590
591
592
593
594
595
596
597
597
208
208
209
210
211
212
213
214
215
216
217
218
219
220
221
222
223
224
225
226
227
228
229
230
231
232
233
234
235
236
237
238
239
240
241
242
243
244
245
246
247
248
249
250
251
252
253
254
255
256
257
258
259
260
261
262
263
264
265
266
267
268
269
270
271
272
180
180
181
182
176
177
178
179
180
178
178
179
179
177
177
178
179
179
184
185
186
187
200
201
202
203
204
205
206
207
208
208
209
210
211
212
213
214
215
216
217
218
219
220
221
222
223
224
225
226
227
228
229
230
231
232
233
234
235
236
237
238
239
240
241
242
243
244
245
246
247
248
249
250
251
252
253
254
255
256
257
258
259
260
261
262
263
264
265
266
267
268
269
270
271
272
273
274
275
276
277
278
279
280
281
282
283
284
285
286
287
288
289
290
291
292
293
294
295
296
297
298
299
300
301
302
303
304
305
306
307
308
309
310
311
312
313
314
315
316
317
318
319
320
321
322
323
324
325
326
327
328
329
330
331
332
333
334
335
336
337
338
339
340
341
342
343
344
345
346
347
348
349
350
351
352
353
354
355
356
357
358
359
360
361
362
363
364
365
366
367
368
369
370
371
372
373
374
375
376
377
378
379
380
381
382
383
384
385
386
387
388
389
390
391
392
393
394
395
396
397
398
399
400
401
402
403
404
405
406
407
408
409
410
411
412
413
414
415
416
417
418
419
420
421
422
423
424
425
426
427
428
429
430
431
432
433
434
435
436
437
438
438
439
440
441
442
443
444
445
446
447
448
449
450
451
452
453
454
454
455
456
457
458
459
459
459
459
460
460
461
461
462
463
464
465
466
466
466
467
468
469
470
471
472
473
473
473
474
474
475
476
476
477
478
478
479
480
480
173
174
185
186
186
187
187
188
185
186
182
181
182
183
184
185
186
187
188
189
190
158
159
160
161
161
162
163
164
165
166
166
160
161
176
176
177
178
179
180
181
175
175
176
177
178
179
180
181
182
183
183
184
185
186
187
188
189
190
191
192
193
194
195
196
197
198
199
200
200
201
202
203
204
205
206
207
208
209
210
211
212
213
214
215
216
217
218
219
219
220
221
222
223
224
225
226
227
227
227
228
229
230
231
232
233
234
235
235
235
170
170
171
172
173
174
175
176
177
170
171
172
173
174
175
176
177
178
179
180
181
182
183
184
185
186
187
187
188
189
190
191
192
193
194
195
196
197
198
199
199
200
201
202
203
204
205
206
207
208
209
210
211
212
213
165
166
167
168
169
170
171
172
173
174
175
176
177
178
164
165
166
167
168
169
170
171
172
172
173
174
175
176
177
178
179
180
181
182
183
184
185
186
187
188
189
190
191
192
193
194
195
196
197
198
199
200
201
202
203
204
205
206
207
208
209
210
211
212
213
214
215
216
217
218
219
220
221
222
223
224
225
226
227
228
229
230
231
232
233
234
235
236
237
238
239
240
241
242
243
244
245
246
247
248
249
250
251
252
253
254
255
256
257
150
151
152
153
154
155
156
157
158
129
130
131
132
133
134
135
135
136
136
137
138
139
140
141
142
143
144
145
146
147
148
149
150
151
152
153
154
155
156
157
157
158
159
158
159
160
161
162
163
164
165
166
166
167
168
169
170
171
172
173
174
175
175
176
176
177
177
177
178
178
178
179
180
181
182
182
182
182
183
183
184
185
186
187
188
189
190
191
192
193
194
194
195
196
197
198
199
200
201
202
203
204
205
205
206
207
208
209
209
210
210
211
212
213
214
215
216
217
218
219
220
221
222
223
224
225
225
226
227
228
229
230
231
134
135
136
137
138
139
140
141
142
143
144
145
146
147
292
293
294
295
278
276
277
278
279
280
281
282
283
284
285
286
287
288
289
290
291
292
293
294
295
296
297
298
299
300
301
302
303
304
305
306
307
308
309
310
311
312
313
314
315
316
317
318
319
320
321
322
323
324
325
326
327
328
329
330
331
332
333
334
335
336
337
338
339
340
341
342
343
344
345
346
347
348
349
350
351
352
353
354
355
356
357
358
359
360
361
362
363
364
365
366
367
368
369
370
371
372
373
374
375
376
377
378
379
380
381
382
383
384
385
386
387
388
389
390
391
392
393
394
395
396
397
398
399
400
401
402
403
404
405
406
407
408
408
409
410
411
412
413
414
415
243
244
238
239
240
241
242
243
244
245
246
247
248
249
250
251
252
253
254
255
256
257
258
259
260
261
262
263
264
265
266
267
268
269
270
271
272
273
274
275
276
277
278
279
280
281
282
283
284
285
286
287
288
289
290
291
292
293
294
295
296
297
298
299
300
301
302
303
304
305
306
307
308
309
310
311
312
313
314
315
316
317
318
319
320
321
322
323
324
325
326
327
328
329
330
331
332
333
334
335
336
337
338
339
340
341
342
343
344
345
346
347
348
349
350
351
352
353
354
355
356
357
358
359
360
361
362
363
364
365
366
367
368
369
235
229
230
231
232
233
234
235
235
236
225
223
224
225
226
227
228
229
230
231
232
233
233
234
235
236
236
237
238
239
240
241
242
154
155
152
153
154
148
149
150
151
140
141
142
143
144
145
146
136
137
138
138
139
137
137
138
140
141
142
137
138
139
140
141
142
143
135
136
137
138
139
130
131
132
133
134
135
136
137
137
138
138
139
140
141
142
143
144
145
146
147
148
149
150
151
152
153
154
155
156
157
158
159
160
161
162
163
164
165
166
167
168
169
170
151
152
153
154
155
156
157
158
159
160
161
162
163
164
165
166
167
167
168
169
170
171
172
173
174
175
176
177
178
179
180
181
182
183
183
149
148
149
150
151
152
205
200
201
202
195
196
197
198
199
200
201
202
203
204
205
206
206
207
184
184
185
186
178
179
180
181
182
183
184
185
186
187
188
189
190
199
200
201
202
203
204
205
206
207
208
209
210
211
212
213
214
215
216
217
218
219
220
221
222
222
223
224
225
226
227
228
229
141
142
143
140
141
142
143
144
145
146
147
148
149
150
151
152
153
154
155
156
157
158
159
160
161
162
163
164
165
166
167
168
168
169
170
171
163
164
165
166
167
168
158
159
160
161
162
163
164
165
173
174
175
173
174
175
176
177
178
179
180
181
182
183
184
185
186
187
165
166
167
168
169
170
171
172
173
174
175
176
177
178
179
180
181
182
183
184
185
186
187
188
189
190
191
192
193
194
195
196
154
155
156
157
158
159
160
161
162
163
164
165
166
167
168
169
170
171
172
173
174
175
176
177
178
179
180
181
182
183
177
178
179
180
181
182
183
184
185
186
187
188
189
190
191
192
193
194
195
196
197
198
199
200
201
202
203
204
205
206
207
208
209
210
211
212
212
213
214
215
216
169
170
171
172
173
174
175
176
177
178
179
136
137
138
139
140
131
132
133
134
135
136
117
117
118
119
120
118
119
213
214
215
216
217
218
219
220
221
222
223
224
225
226
227
228
229
230
231
232
233
234
235
236
237
238
239
240
241
242
243
244
245
246
247
248
249
250
251
252
253
254
255
256
257
258
259
260
261
262
263
264
265
266
267
268
269
270
271
272
273
274
275
276
277
278
279
280
169
170
171
172
173
174
175
176
177
178
179
180
181
182
183
184
185
223
224
225
226
227
228
229
230
231
232
233
234
235
236
237
238
239
240
241
242
243
244
245
207
208
209
210
211
212
213
214
215
216
217
218
219
220
221
222
223
224
225
226
227
228
229
184
185
186
187
188
189
190
191
192
193
194
195
196
197
198
199
200
201
202
203
204
205
206
207
208
209
210
168
169
170
171
172
173
174
175
176
177
178
179
180
181
138
139
140
141
142
143
144
145
146
147
148
149
150
151
152
153
154
155
156
157
158
159
160
161
162
163
164
165
166
167
168
169
170
139
140
141
142
143
144
145
237
238
239
234
235
236
237
238
239
236
237
238
239
240
241
242
243
244
245
246
247
248
409
410
411
412
413
414
415
416
417
418
419
420
421
422
423
424
425
426
427
428
429
430
431
432
433
434
435
436
437
438
439
440
441
442
443
444
445
446
447
448
449
450
451
452
453
454
455
456
457
458
459
460
461
462
463
464
465
466
467
468
469
470
471
472
473
474
475
476
477
478
479
480
481
482
483
484
485
486
487
488
226
227
228
229
230
231
232
233
234
235
236
211
210
206
207
208
209
210
195
196
197
198
199
200
201
184
185
186
183
183
183
184
185
186
187
188
179
179
180
181
182
183
184
178
179
180
181
177
178
176
177
178
179
180
181
182
183
184
185
186
187
167
168
169
170
171
172
173
174
175
176
177
178
179
180
181
182
183
184
185
186
187
188
189
190
191
192
193
194
195
196
197
198
199
200
201
202
203
204
137
136
137
138
139
140
141
142
143
144
145
146
147
148
149
150
151
152
153
154
155
156
157
158
159
160
161
162
163
164
165
166
167
168
200
201
202
203
204
205
206
188
189
190
191
192
193
194
195
196
197
198
199
200
201
202
203
204
205
206
207
208
209
210
211
212
213
214
215
216
217
218
219
220
221
222
223
224
225
226
227
228
229
230
231
232
233
171
172
173
174
236
237
228
229
230
231
232
233
220
221
222
223
224
225
226
227
228
201
202
203
204
205
206
207
208
209
210
211
184
185
186
176
177
178
167
162
163
164
165
166
167
168
187
481
482
483
484
485
486
477
478
479
480
481
482
483
484
475
476
477
478
479
474
474
475
476
477
478
479
480
481
482
467
468
469
470
471
467
final: 176
468
469
470
471
462
463
464
465
466
467
461
462
463
460
460
460
461
462
463
464
465
466
467
455
456
457
458
459
460
461
462
463
464
465
466
467
468
469
470
471
472
473
474
475
476
477
478
479
480
439
440
441
442
443
444
445
446
447
448
449
209
210
211
212
213
214
215
180
181
180
181
182
183
181
182
183
184
598
599
600
601
602
603
604
605
606
607
608
609
610
611
612
613
614
615
616
617
618
619
620
621
622
623
624
625
626
627
628
629
630
631
632
633
634
635
636
637
638
639
640
641
642
643
644
645
646
647
648
649
650
651
652
653
654
655
656
657
658
659
660
661
662
663
664
665
666
667
668
669
670
671
672
673
674
675
676
677
678
679
680
681
682
683
684
685
686
687
688
689
690
691
692
693
694
695
404
405
401
402
403
404
405
406
407
408
409
410
411
412
413
414
415
416
417
418
419
420
421
422
423
424
425
426
427
428
429
430
431
432
433
434
435
436
437
438
439
440
441
442
443
444
445
446
447
448
449
450
451
452
453
454
455
456
457
458
459
460
461
462
463
464
465
341
342
343
344
345
346
347
348
349
350
351
352
353
354
355
356
357
358
359
360
361
362
363
364
365
366
367
368
369
370
371
372
373
374
375
376
377
378
379
380
381
382
383
418
419
420
421
422
423
424
425
426
427
428
429
430
431
153
154
155
156
157
158
159
160
161
162
163
164
165
166
167
168
169
170
171
172
173
174
175
176
177
178
179
180
181
182
183
184
185
186
187
188
189
190
191
192
193
194
195
196
197
198
199
200
201
202
203
204
205
206
207
208
209
210
211
212
239
240
234
233
231
232
233
234
235
236
175
176
177
178
179
180
181
182
183
184
185
186
187
188
189
190
191
192
193
194
195
196
202
203
204
205
201
202
203
200
201
202
203
204
205
206
207
195
196
197
198
199
200
201
202
203
204
205
206
207
208
209
210
211
212
213
214
215
216
217
165
166
167
168
169
170
162
163
164
165
166
167
168
169
170
171
172
173
174
175
176
177
178
179
180
181
182
183
184
185
186
187
188
189
190
191
192
193
194
195
196
197
198
199
200
201
202
203
204
205
206
207
208
174
175
185
186
187
188
189
190
191
192
133
134
135
136
137
138
139
140
141
153
154
155
156
157
158
159
160
161
162
163
140
141
142
143
144
145
149
150
151
151
152
142
143
144
145
146
152
153
154
155
156
157
158
159
160
161
162
163
164
165
166
167
168
169
170
171
172
173
174
175
176
177
178
179
180
181
182
183
184
185
186
187
188
189
190
191
192
193
194
195
196
197
198
199
200
201
202
203
204
205
206
207
208
209
210
211
212
213
214
215
216
217
218
219
220
221
222
223
224
225
226
227
228
229
230
231
232
233
234
235
236

Process finished with exit code 0
