"C:\Program Files\Java\jdk-12.0.2\bin\java.exe" "-javaagent:D:\IntelliJ IDEA 2019.1.3\lib\idea_rt.jar=52188:D:\IntelliJ IDEA 2019.1.3\bin" -Dfile.encoding=UTF-8 -classpath D:\INTELLIJ_WORKSPACE\Try_CompletableFuture_multi_tasks\out\production\Try_CompletableFuture_multi_tasks mainPackage3.ClassTry_Test_volatile
0
1
2
3
4
5
6
7
8
9
10
11
12
13
14
15
16
17
18
19
20
21
22
23
24
25
26
27
28
29
30
31
32
33
34
35
36
37
38
39
40
41
42
43
44
45
46
47
48
49
50
51
52
53
54
55
56
57
58
59
60
61
62
63
64
65
66
67
68
69
70
71
72
73
74
75
76
77
78
79
80
81
82
83
84
85
86
86
86
86
87
87
87
88
89
89
90
91
92
93
94
95
96
97
98
99
100
101
102
103
104
88
89
90
91
92
88
89
89
90
91
92
93
94
94
95
96
97
98
99
87
87
87
87
88
89
88
89
90
88
89
90
91
92
93
94
95
96
97
98
99
100
101
102
102
103
104
105
106
107
95
96
90
91
92
93
94
95
96
97
97
97
98
99
100
101
102
102
103
104
105
105
106
107
108
109
110
111
112
113
114
115
116
117
118
119
120
121
122
123
124
125
126
127
128
129
130
131
132
133
90
90
91
92
93
94
95
96
97
98
99
100
101
102
103
104
105
106
107
108
109
110
111
112
113
114
115
116
117
118
119
120
121
122
122
123
124
125
126
127
128
129
130
106
107
108
109
103
104
105
106
107
108
98
99
100
101
102
103
104
105
106
107
108
109
110
111
112
113
114
115
116
117
118
119
120
121
122
123
124
125
126
127
128
129
130
131
103
104
105
106
107
108
109
110
111
112
113
114
115
116
117
118
119
120
121
122
123
124
125
126
127
128
129
129
130
131
132
130
131
132
133
134
135
136
137
138
139
140
141
142
143
144
145
146
147
148
149
150
151
152
153
154
155
156
156
157
158
159
160
161
162
163
164
165
166
167
168
169
170
171
172
173
174
175
176
177
178
179
180
181
182
183
184
185
186
187
188
189
190
191
192
192
193
194
195
196
196
197
198
199
200
201
202
203
204
205
206
207
208
209
210
211
212
213
214
215
216
217
123
124
125
126
127
128
129
130
131
132
133
134
135
136
137
138
139
140
141
142
143
144
145
146
147
148
149
150
151
91
92
93
94
94
95
96
97
98
99
100
101
102
103
104
105
106
107
108
109
110
111
112
113
114
115
116
117
118
119
120
121
122
123
124
125
126
127
128
129
129
130
131
132
133
134
134
135
136
137
137
138
139
140
140
141
142
143
144
145
146
147
148
149
150
150
151
152
153
154
155
156
157
157
158
159
160
197
198
199
200
201
201
202
193
194
195
195
196
197
197
198
199
200
200
201
202
203
204
205
206
207
208
209
210
211
212
212
213
214
215
216
217
218
219
220
221
222
223
224
225
226
227
227
228
229
230
231
232
233
234
235
236
237
237
238
239
240
241
242
157
158
159
160
161
162
163
164
165
166
167
167
168
169
170
171
172
173
174
175
176
177
178
178
179
180
181
182
183
184
185
186
186
187
188
189
190
191
192
193
194
195
196
197
198
199
200
201
202
203
204
205
206
207
208
208
209
210
210
211
212
213
214
215
216
217
217
218
219
220
221
222
223
224
225
226
227
228
229
229
230
231
231
232
233
234
235
235
236
187
188
189
190
191
192
193
193
194
195
196
197
197
198
199
179
179
180
180
181
182
183
184
185
186
187
188
189
190
191
192
193
194
168
169
170
171
171
172
173
174
175
175
176
177
178
179
180
181
182
183
184
185
186
187
188
189
238
239
240
241
242
243
243
244
245
246
247
248
249
228
229
230
231
232
233
234
234
235
236
236
237
238
239
240
241
242
242
243
244
245
246
247
213
213
214
215
216
217
218
219
219
220
221
222
223
224
225
225
226
227
228
229
230
231
232
201
202
198
199
196
197
198
199
200
202
203
204
205
206
206
207
208
209
210
211
212
213
214
215
158
158
159
160
160
151
152
153
154
155
156
157
158
159
160
160
161
162
163
164
164
165
141
142
143
143
144
145
146
147
138
138
139
140
141
142
135
136
137
137
130
131
132
133
134
135
136
136
137
137
138
139
140
141
142
143
144
145
146
147
147
147
147
148
149
150
151
151
152
153
154
154
155
156
157
158
158
159
160
161
162
163
163
164
165
166
167
168
169
170
171
172
173
174
95
96
97
98
99
100
101
102
102
103
104
105
106
107
108
109
110
111
112
113
114
115
116
117
118
119
164
165
166
167
167
168
169
169
159
160
161
155
152
153
154
155
156
157
158
148
148
149
150
151
152
153
153
153
153
154
154
138
139
140
141
137
138
139
140
141
142
143
138
138
139
140
141
142
143
143
144
145
145
145
146
146
139
140
141
142
143
144
144
145
146
165
166
161
162
163
164
164
165
165
165
166
166
167
168
169
170
171
172
173
173
174
175
175
176
161
162
163
164
165
166
159
160
161
162
163
163
164
207
207
207
208
209
210
211
212
212
213
214
215
215
216
217
218
219
220
221
222
222
223
223
224
225
226
227
228
229
230
231
232
233
234
235
235
236
237
220
220
221
222
223
214
215
216
216
217
217
218
219
243
244
245
246
237
238
239
240
235
236
236
237
237
237
238
238
239
240
240
241
242
243
244
245
246
244
245
246
247
248
249
250
251
252
253
254
254
255
256
257
258
259
260
261
261
262
263
264
265
266
267
268
269
176
177
178
179
179
180
181
172
173
174
175
176
177
177
177
178
179
180
181
182
183
184
185
186
187
188
189
189
181
182
183
184
180
181
198
199
200
200
201
202
194
194
194
195
196
197
198
199
200
201
202
236
237
238
239
240
232
233
234
235
236
230
231
232
233
234
235
236
237
238
238
239
240
241
218
219
220
221
222
222
223
224
225
211
212
213
214
215
216
209
210
211
212
213
214
214
215
216
217
218
223
224
225
226
227
227
228
229
230
231
232
233
233
234
235
236
237
238
239
240
241
241
242
243
244
245
246
247
247
248
249
250
251
252
253
254
255
256
256
257
257
258
259
260
261
262
262
263
195
196
195
195
196
197
198
198
201
202
203
204
205
206
207
208
209
210
211
212
213
214
214
215
190
191
192
193
194
195
195
196
197
198
199
199
200
201
202
202
202
203
178
179
180
178
179
180
181
182
183
184
185
186
187
188
188
189
190
180
181
182
183
184
185
185
185
186
187
188
189
190
191
191
192
262
263
264
265
266
267
268
255
256
257
258
259
260
261
261
262
263
264
265
265
266
267
268
269
270
271
272
273
273
241
242
243
244
245
245
246
247
248
239
240
241
242
243
244
245
246
247
248
249
250
238
238
238
239
240
241
242
243
244
245
246
247
247
248
237
238
239
240
240
241
218
219
220
221
222
223
224
225
226
217
218
219
220
220
221
222
223
224
225
221
222
223
224
224
236
237
238
239
240
241
242
243
244
245
246
247
248
249
250
251
252
253
254
255
256
256
257
258
224
225
225
226
227
228
228
229
230
231
232
233
234
235
236
237
238
239
240
241
242
223
216
217
218
219
220
221
222
223
213
214
215
216
217
218
219
220
221
222
223
223
224
225
208
208
209
209
210
211
211
212
213
214
214
164
165
166
167
168
168
168
169
176
177
178
179
179
180
181
182
183
184
174
175
176
177
178
179
180
181
182
183
184
185
186
187
167
168
168
168
169
170
166
167
168
166
167
168
169
170
171
172
173
174
175
176
177
178
179
165
147
146
147
146
144
145
146
147
148
149
150
151
139
140
141
142
143
144
145
146
147
148
149
150
151
152
153
154
155
156
157
158
159
160
161
161
162
163
155
154
155
154
154
155
156
157
158
159
160
161
162
154
155
156
157
157
158
158
159
160
161
162
163
164
165
166
166
167
168
169
170
171
172
173
174
175
175
175
175
176
177
170
168
169
170
170
171
172
173
174
175
176
177
178
178
179
180
181
182
183
184
185
186
186
187
188
189
190
103
103
104
105
106
107
108
109
104
105
106
107
108
109
110
111
187
188
189
190
191
192
193
193
193
194
195
196
197
198
199
200
201
202
179
180
181
182
183
184
185
186
187
188
189
190
191
192
193
194
195
195
195
171
172
173
174
175
176
177
178
179
179
180
176
176
177
178
179
180
181
182
183
184
185
186
187
188
176
177
178
179
180
181
182
183
184
185
186
187
188
189
190
190
167
168
169
170
171
172
173
174
175
176
177
178
179
180
181
182
183
184
185
186
187
188
189
190
190
191
158
159
159
159
160
161
162
163
164
165
166
167
167
168
169
170
170
155
156
162
163
164
165
166
167
168
169
170
171
172
173
174
175
176
177
178
179
180
181
182
183
184
185
186
187
188
189
190
191
192
193
194
195
196
197
198
199
200
201
202
203
204
205
206
207
208
209
210
211
212
213
214
215
216
217
218
219
220
221
222
223
224
225
226
227
228
228
229
230
231
232
232
232
233
234
235
236
237
238
239
240
169
170
171
172
173
174
174
175
176
169
170
171
172
172
173
174
175
176
177
178
179
180
181
182
183
184
185
186
187
188
180
181
182
183
184
185
186
186
186
187
188
189
169
170
215
216
217
218
219
220
221
222
223
224
225
212
213
210
211
212
213
214
215
224
225
226
227
228
229
230
231
232
233
234
234
235
236
237
238
238
239
240
241
242
243
244
244
245
245
246
247
248
249
250
251
229
230
226
227
227
228
229
257
258
259
259
259
260
261
262
263
264
265
266
267
268
269
270
271
272
273
273
273
273
274
225
226
221
222
223
224
225
226
227
228
229
230
231
232
232
233
233
234
235
236
236
237
237
237
238
239
240
241
242
243
244
245
246
247
248
248
249
250
251
251
252
253
239
239
240
241
242
243
244
245
246
247
248
246
247
248
274
275
276
276
277
278
279
280
281
282
283
284
285
286
287
288
289
290
291
291
292
292
293
266
267
268
269
270
271
272
273
274
275
262
263
264
265
266
267
268
269
270
271
272
273
274
275
276
277
278
192
193
193
193
194
195
196
186
187
188
189
189
190
186
187
188
189
190
191
192
189
190
190
190
191
192
193
194
195
196
197
198
198
199
199
200
201
202
203
204
200
201
202
203
204
205
206
207
208
209
196
197
198
199
200
201
201
202
215
216
217
218
219
220
221
222
223
224
225
226
227
228
229
230
231
232
233
234
235
236
237
238
199
200
200
201
201
202
203
204
205
206
206
196
197
198
199
200
201
202
203
204
205
263
264
265
266
266
267
268
269
270
271
257
258
259
260
260
261
262
263
248
249
250
251
242
243
244
245
246
247
248
248
234
235
236
237
237
238
239
240
241
242
243
243
244
245
246
247
248
249
250
250
251
252
253
228
229
230
231
231
232
233
233
234
235
236
237
238
238
238
215
216
217
218
219
220
220
221
222
222
223
224
225
239
240
241
242
239
234
235
232
233
234
235
236
237
238
239
240
241
242
243
244
244
245
251
252
253
254
254
255
256
244
244
245
245
246
247
248
249
250
251
252
253
238
239
240
241
242
243
244
244
245
246
247
248
249
250
251
251
252
253
254
255
249
250
250
251
252
261
262
263
264
264
265
266
267
268
269
267
268
269
270
271
272
273
274
275
275
276
277
278
279
280
281
282
283
284
285
285
286
286
286
287
288
289
207
208
209
210
211
212
202
203
203
204
205
206
201
202
203
204
205
206
206
206
207
208
209
210
211
212
213
214
215
216
216
217
218
218
202
203
204
205
206
207
208
209
209
210
210
211
212
213
214
215
216
216
216
217
217
218
219
220
221
222
223
224
200
201
202
203
203
203
204
199
200
201
202
191
191
191
191
192
193
194
195
196
197
198
199
190
191
192
194
194
194
194
195
196
197
198
199
200
201
202
203
204
205
206
207
208
209
210
211
212
213
214
215
215
216
293
292
293
294
295
296
297
298
299
300
300
301
302
303
304
277
278
279
279
279
280
281
282
283
284
285
286
287
288
240
240
240
241
242
243
243
252
252
252
253
254
255
256
257
258
259
259
260
261
262
262
263
264
264
265
238
238
239
237
238
234
235
236
236
237
237
233
234
234
234
235
236
237
238
274
275
274
275
274
275
276
276
277
278
279
280
281
282
283
284
284
285
286
260
261
261
261
262
263
264
265
266
267
268
268
269
270
271
271
272
273
274
274
275
275
276
276
276
277
278
245
246
246
247
248
249
250
239
240
241
242
242
243
235
235
235
236
237
238
239
240
241
242
243
244
245
246
247
248
248
249
250
250
250
251
252
253
254
255
256
257
258
259
260
261
261
262
263
264
265
266
267
268
187
187
188
189
190
191
192
193
194
187
188
189
189
190
191
192
193
194
195
196
197
197
198
199
200
200
201
201
202
202
202
203
173
174
175
176
176
177
178
179
180
175
176
177
178
178
179
179
180
180
181
182
233
233
234
234
235
229
230
231
232
233
234
235
236
236
237
238
239
240
241
241
242
243
244
245
245
245
245
246
247
248
249
250
251
252
253
254
255
256
257
258
259
260
261
261
262
262
263
264
171
172
173
168
168
169
170
171
160
161
162
162
163
191
192
192
193
194
195
196
197
197
198
199
200
201
202
203
204
205
206
207
208
209
191
192
193
194
195
196
197
198
199
200
201
202
203
204
205
206
207
208
209
210
211
212
213
214
215
216
217
218
219
220
221
222
223
224
225
226
227
228
229
180
181
182
183
184
185
186
187
188
189
190
191
192
192
196
197
198
199
200
201
202
203
204
205
206
207
208
209
210
211
212
213
214
215
216
217
218
219
220
221
222
223
224
225
226
227
228
229
230
231
232
233
234
235
236
237
238
239
240
241
242
243
244
245
246
247
248
249
250
251
252
253
254
255
255
256
257
257
258
258
259
260
261
262
263
264
265
266
194
195
196
197
198
199
200
200
201
202
203
203
204
205
206
206
207
208
209
210
211
212
213
214
215
216
216
217
218
219
220
217
218
219
220
221
222
223
223
224
225
226
227
227
228
207
208
204
205
206
207
208
209
210
211
201
202
203
204
205
206
207
207
207
207
208
209
259
258
259
260
261
262
263
256
257
258
259
259
260
261
262
263
264
265
193
193
194
195
196
197
198
199
200
201
202
203
204
205
206
207
208
209
210
211
212
213
214
215
216
217
218
219
219
220
221
222
223
223
224
225
226
227
228
229
230
231
232
233
233
234
198
198
199
200
201
202
203
204
205
193
193
194
195
196
197
198
199
200
201
202
163
164
165
166
167
168
169
170
171
172
173
174
175
176
177
178
179
180
181
182
183
184
185
186
187
188
189
190
191
192
192
192
193
194
195
195
196
197
198
199
200
201
202
169
169
170
171
263
264
264
264
265
266
267
268
269
270
262
263
264
265
266
267
268
269
270
271
272
273
274
275
276
277
278
279
280
281
282
283
284
246
247
248
249
250
250
250
251
252
246
247
248
248
246
247
248
249
250
251
252
253
254
254
255
255
256
257
258
259
260
261
262
263
264
265
266
267
267
268
269
270
271
242
243
244
245
246
247
237
238
239
240
241
242
243
244
245
246
247
248
249
250
251
252
253
254
254
255
256
257
258
259
260
261
262
263
264
264
265
266
267
268
269
270
271
272
273
274
275
276
276
277
278
235
236
237
179
180
181
182
183
184
185
186
187
188
189
190
191
192
193
194
194
195
196
197
198
199
177
177
177
178
179
180
181
182
183
183
203
204
205
202
202
203
204
201
202
203
198
199
200
201
202
203
204
190
191
192
193
194
194
195
195
196
197
198
199
200
201
202
203
203
204
204
205
206
188
188
189
189
190
191
192
192
193
194
262
263
264
265
266
251
252
251
252
253
254
254
249
250
251
252
253
254
255
256
257
236
236
243
244
245
245
246
247
247
248
249
249
250
247
248
249
250
277
278
279
280
277
276
277
277
278
278
275
275
276
277
272
273
274
275
275
276
269
270
270
270
271
262
285
286
287
288
289
290
291
292
292
293
294
294
295
296
297
298
299
300
301
277
277
278
279
280
281
281
282
283
284
285
286
286
286
287
288
289
290
291
292
235
236
237
238
239
239
240
241
241
241
242
242
243
244
237
238
239
239
240
241
242
243
244
245
246
247
247
265
266
267
268
269
269
270
271
272
273
274
275
276
277
277
278
260
253
254
244
241
242
243
244
241
242
243
244
245
245
246
247
248
280
281
281
282
280
281
282
283
283
284
285
286
287
288
289
290
291
292
293
301
302
303
304
305
305
306
307
308
216
217
218
219
220
221
221
222
223
224
225
226
227
228
229
230
230
231
231
232
233
234
235
235
236
236
237
237
238
239
240
241
241
242
243
244
245
246
247
247
247
248
249
195
196
195
196
197
198
199
200
201
202
203
204
205
206
207
208
209
210
211
212
213
192
193
194
195
196
192
193
204
205
206
207
208
209
209
210
211
212
213
214
214
215
216
216
217
218
219
220
221
222
223
224
218
218
219
217
217
218
219
220
221
221
222
223
211
212
213
214
215
210
210
211
211
212
212
213
219
220
221
222
223
223
224
224
225
226
217
218
219
220
207
208
209
210
207
208
209
210
211
212
213
213
214
215
215
216
204
205
206
207
208
208
208
209
210
211
212
213
214
215
215
287
288
289
290
291
292
287
288
289
290
291
291
291
292
293
294
286
287
288
289
290
290
291
292
293
294
295
296
297
297
297
297
297
298
299
300
301
302
303
304
305
306
307
307
308
309
276
276
277
278
265
266
267
268
268
269
251
252
253
254
255
252
253
254
255
256
257
258
259
260
261
261
262
263
263
263
263
264
245
246
247
248
249
250
251
251
252
246
247
245
246
247
247
255
245
246
247
247
248
249
250
251
252
253
254
255
256
257
258
259
260
261
262
263
263
264
265
223
224
225
221
222
223
224
225
226
226
226
227
227
227
228
229
227
228
229
230
231
232
233
234
235
236
237
238
239
240
240
241
241
242
243
244
245
246
264
265
266
267
268
269
270
271
272
273
274
275
276
277
278
279
280
281
248
249
250
251
252
253
254
255
256
257
257
258
248
249
250
250
251
252
253
254
255
256
257
258
259
260
260
261
261
262
263
252
253
254
254
255
256
256
257
258
259
259
259
260
261
262
264
265
264
265
264
265
266
267
267
267
267
268
268
269
269
262
263
263
264
265
266
267
268
269
270
271
271
272
273
274
269
270
271
271
271
272
273
274
277
308
309
310
311
312
313
314
315
316
317
298
298
298
299
298
299
299
300
301
291
292
293
294
294
294
295
296
297
292
293
293
293
294
295
296
297
298
216
216
217
218
219
219
220
209
210
211
209
209
210
211
216
217
218
214
215
216
216
216
217
218
219
220
220
221
222
223
224
224
225
226
227
228
229
230
225
226
227
228
229
230
224
213
213
213
214
215
212
212
213
214
215
211
212
213
214
215
216
217
217
218
219
220
222
223
224
225
225
226
227
228
219
220
220
221
222
223
224
225
217
215
216
217
210
211
212
213
214
214
215
216
217
218
218
219
220
221
222
223
224
225
226
227
228
228
228
229
230
231
232
233
234
235
236
237
238
238
239
240
241
242
243
244
245
246
247
248
249
249
250
251
248
249
250
251
251
252
242
243
238
239
240
237
238
236
237
232
233
231
232
233
234
234
234
234
235
236
237
238
239
240
241
241
242
243
244
222
223
223
306
307
308
309
310
311
312
313
314
315
316
317
284
284
285
286
287
282
283
284
285
286
287
287
287
288
289
290
291
246
247
247
248
249
250
251
252
253
253
254
255
256
257
258
259
260
261
262
278
279
280
281
282
283
284
285
286
287
288
289
290
270
271
248
249
250
251
251
252
240
243
243
244
245
246
247
248
242
243
243
244
245
246
247
248
249
250
251
242
243
244
240
287
287
288
289
290
291
292
293
282
278
279
280
281
282
283
284
295
296
297
298
299
300
301
293
294
295
296
271
271
271
272
273
274
275
276
276
276
277
276
277
276
277
279
280
278
278
279
280
281
281
282
283
284
285
286
287
288
289
290
291
292
293
294
250
251
252
253
254
255
256
257
258
258
248
249
250
251
252
252
253
254
255
246
247
248
249
250
251
252
253
254
255
256
256
257
257
257
258
259
255
256
257
258
259
260
261
261
261
262
262
193
194
195
190
189
189
204
205
205
205
206
207
208
209
210
211
212
212
196
195
196
197
198
199
199
199
200
201
201
201
202
203
204
205
206
207
208
209
210
203
204
204
205
206
207
184
185
186
178
178
179
179
179
195
196
197
198
199
200
201
202
202
203
204
204
205
206
207
208
209
210
211
212
213
214
215
216
277
278
279
280
281
282
265
265
265
266
266
267
268
255
255
256
257
258
259
260
261
262
263
264
268
269
270
270
271
272
273
274
275
255
256
257
257
257
258
259
260
261
262
263
264
249
250
251
251
251
252
253
254
255
256
257
258
259
260
261
262
263
264
265
266
267
268
269
270
265
266
266
267
170
171
172
173
196
197
198
193
193
194
195
196
193
193
193
194
195
196
197
198
199
200
201
202
203
204
205
206
207
207
208
209
210
211
194
194
195
196
197
198
199
234
235
236
237
238
239
240
224
225
225
226
226
227
228
220
221
222
223
224
225
226
227
228
229
230
231
232
233
234
235
236
237
238
194
194
194
195
196
260
261
262
262
263
264
265
266
267
208
208
208
208
209
210
211
212
212
213
214
215
216
217
217
218
219
220
228
229
224
225
226
227
228
229
229
230
230
231
232
233
234
235
236
218
219
220
213
214
215
216
217
218
219
220
209
210
211
211
212
213
263
264
265
266
267
268
269
270
271
272
273
273
195
195
196
196
197
197
198
199
195
196
197
198
199
199
200
201
201
202
203
204
205
206
207
208
209
210
227
228
229
230
231
232
226
227
227
227
228
229
230
231
232
233
234
235
236
237
238
239
239
195
196
197
198
199
200
201
202
203
204
205
206
207
208
209
210
211
208
209
194
194
195
195
195
196
196
197
194
195
196
197
198
199
200
201
201
202
203
204
205
206
267
268
269
269
270
271
272
273
274
275
276
277
278
279
280
281
282
283
284
285
286
286
286
286
286
287
288
289
290
291
292
293
294
295
296
252
253
254
255
256
257
258
259
260
261
258
259
260
261
262
263
264
264
265
266
266
267
268
269
269
270
271
271
272
273
274
275
276
277
278
279
280
281
282
283
284
285
285
286
287
288
289
290
291
292
293
293
294
295
296
297
298
299
267
268
269
270
266
267
268
268
269
270
266
267
268
269
270
271
272
273
274
275
276
277
278
279
280
281
282
282
283
283
284
285
286
287
288
289
290
291
292
292
292
293
294
295
295
296
297
298
299
300
300
301
302
303
205
206
207
208
209
210
211
211
211
212
213
214
215
216
203
204
205
206
207
208
209
210
211
212
213
214
215
216
217
218
219
220
221
222
223
224
225
226
180
181
180
181
182
182
183
183
183
184
184
185
186
187
205
206
207
208
209
210
211
212
213
214
215
216
217
218
219
220
221
222
223
224
225
226
227
228
229
230
231
232
233
234
235
236
237
238
239
240
241
242
243
202
203
204
202
200
201
202
200
200
201
202
203
204
205
206
206
206
213
214
215
215
216
217
218
219
220
221
222
223
224
206
207
208
206
207
208
209
210
210
211
190
191
263
264
265
266
267
268
269
270
262
263
262
263
264
265
266
267
268
269
270
270
271
272
273
274
275
275
276
277
278
279
280
281
282
283
284
285
286
258
259
257
258
258
259
260
261
262
263
264
265
266
267
268
268
269
270
271
272
273
274
275
276
253
254
255
256
257
258
259
260
261
262
263
264
265
266
267
268
269
270
271
272
273
274
274
275
276
277
259
260
261
262
263
264
265
266
267
268
269
270
270
271
271
272
273
274
275
276
277
278
279
280
281
282
283
284
284
285
286
287
288
289
290
291
292
293
294
295
295
296
296
297
298
299
300
301
302
303
303
304
305
306
306
307
308
309
310
311
312
282
282
283
284
285
286
287
288
279
280
281
281
282
282
283
284
285
285
286
286
277
278
279
280
272
273
274
275
276
277
278
279
280
281
282
283
284
285
285
286
287
288
289
290
291
292
293
294
294
295
296
297
298
299
299
285
286
286
286
287
288
289
290
291
292
292
292
293
294
295
296
297
298
288
289
290
291
292
292
293
294
295
296
297
298
299
300
301
302
303
304
305
306
306
307
308
309
310
310
311
312
244
244
245
246
247
248
249
250
251
251
251
252
253
254
255
256
257
258
259
252
253
254
255
256
257
258
259
260
260
261
262
263
264
265
266
267
268
269
270
271
272
273
274
275
276
277
278
279
280
281
282
283
284
285
286
287
288
289
290
291
292
293
294
295
296
297
298
299
300
301
302
303
304
254
255
256
257
258
259
260
261
262
263
264
265
266
267
268
269
270
271
272
273
248
249
250
251
252
253
254
255
256
257
258
259
260
261
288
289
290
291
292
293
294
295
296
297
298
299
300
301
302
303
304
305
306
307
308
309
310
311
312
313
314
315
316
317
318
319
320
321
322
323
324
325
326
327
328
329
330
331
332
333
334
335
336
337
338
339
340
341
342
343
344
285
286
287
288
289
290
291
292
293
294
295
296
297
298
299
300
301
302
303
304
305
306
307
308
309
310
224
225
226
227
228
242
243
244
245
246
247
248
249
250
251
235
236
237
238
239
240
241
242
243
244
245
246
247
248
249
250
251
252
253
252
253
250
251
252
253
254
255
256
257
258
259
260
239
240
241
242
243
244
245
246
229
230
231
219
220
221
222
223
224
225
226
227
228
229
230
231
232
233
234
235
236
237
238
239
240
241
242
243
244
245
246
247
248
249
250
251
252
253
254
255
256
257
258
259
260
261
262
263
264
265
266
267
268
269
270
271
272
273
274
275
276
277
278
279
280
281
282
283
284
285
286
287
288
289
290
291
292
293
294
295
296
297
298
299
300
301
302
303
304
305
306
307
308
309
310
311
312
313
314
315
316
317
318
319
320
321
322
323
324
325
326
327
328
329
330
331
332
333
334
335
336
337
338
339
340
341
342
343
344
345
346
347
348
349
350
351
352
353
354
355
356
357
358
359
360
361
362
363
364
365
366
367
368
369
370
371
372
373
374
375
376
377
378
379
380
381
382
383
384
385
386
387
388
389
390
391
392
393
394
395
396
397
398
399
400
401
402
403
404
405
406
407
408
409
410
411
412
413
414
415
416
417
418
419
420
421
422
423
424
425
426
427
428
429
430
431
432
433
434
435
436
437
438
439
440
441
442
443
444
445
446
447
448
449
450
451
452
453
454
455
456
457
458
459
460
461
462
463
464
465
466
467
468
469
470
471
472
473
474
475
476
477
478
479
480
481
482
483
484
485
486
487
488
489
490
491
492
493
494
495
496
497
498
499
500
501
502
503
504
505
506
507
508
509
510
511
512
513
514
515
516
517
518
519
520
521
522
523
524
525
526
527
528
529
530
531
532
533
534
535
536
537
538
539
540
541
542
543
544
545
546
547
548
549
550
551
552
553
554
555
556
557
558
559
560
561
562
563
564
565
566
567
568
569
570
571
572
573
574
575
576
577
578
579
580
581
582
583
584
585
586
587
588
589
590
591
592
593
594
595
596
597
598
599
600
601
602
603
604
605
606
607
608
609
610
611
612
613
614
615
616
617
618
619
620
215
216
217
218
219
220
221
222
223
224
225
226
227
228
229
230
231
232
233
234
235
236
237
238
239
240
241
242
243
244
245
246
247
248
249
250
251
252
253
254
255
256
257
258
259
260
261
262
263
264
265
266
267
268
269
270
271
272
273
274
275
276
277
278
279
280
281
282
283
284
285
286
287
288
289
290
291
292
293
294
295
296
297
298
299
300
301
302
303
304
305
306
307
308
309
310
311
312
313
314
315
316
317
318
319
320
321
322
323
324
325
326
327
328
329
330
331
332
333
334
335
336
337
338
339
340
341
342
343
344
345
346
347
348
349
350
351
352
353
354
355
356
357
358
359
360
361
362
363
364
365
366
366
367
368
369
370
371
372
373
374
375
376
377
378
379
380
381
382
383
384
385
386
387
388
389
390
391
392
393
394
395
396
397
397
398
399
400
401
402
403
404
405
406
407
408
408
221
221
222
223
224
225
226
227
228
229
230
231
232
233
234
235
236
237
238
239
240
241
242
243
244
245
246
247
248
249
250
251
252
253
254
255
256
257
258
259
260
261
262
263
264
265
266
267
268
269
270
271
272
273
274
275
276
276
277
278
279
280
281
226
227
228
229
230
231
232
233
234
235
218
219
220
221
222
223
224
225
226
227
228
213
214
215
215
216
217
218
219
220
221
222
223
224
225
226
227
227
228
228
214
214
215
216
217
218
219
220
221
222
223
224
225
226
227
228
229
230
231
232
233
234
235
236
237
238
239
240
241
242
243
244
245
246
247
248
249
250
251
252
253
254
255
256
257
258
259
260
261
225
226
227
228
221
221
222
223
224
225
226
226
227
228
228
228
217
217
218
219
220
221
222
222
223
224
225
226
210
211
211
212
212
213
213
213
214
215
216
217
218
219
220
221
222
223
224
225
226
227
228
229
230
231
232
233
234
235
236
237
238
239
240
241
242
243
244
245
246
247
248
249
250
251
252
253
254
255
256
257
258
259
260
261
262
263
264
265
266
267
268
269
270
271
272
273
274
275
276
277
278
279
280
281
282
283
284
285
286
287
288
289
290
291
292
293
294
295
220
220
221
222
223
223
217
218
219
220
220
221
221
222
222
223
223
224
225
294
294
295
296
294
295
296
297
298
299
300
301
302
303
304
305
306
307
308
309
310
311
312
312
313
314
315
316
317
318
319
320
321
322
323
324
325
326
327
328
329
330
331
332
333
334
335
336
337
338
339
340
341
342
343
344
345
346
347
348
349
350
351
352
353
354
355
356
357
357
358
359
360
361
362
363
364
365
366
367
368
369
370
371
372
373
374
375
376
377
378
379
380
381
382
383
384
385
386
387
388
389
390
391
392
393
394
395
396
397
398
399
400
400
401
402
403
404
405
406
407
408
409
410
411
412
413
414
415
416
417
418
419
420
421
422
423
424
425
425
426
427
428
429
430
431
432
433
434
435
436
437
438
438
439
440
441
442
443
444
445
446
447
447
448
449
450
451
452
453
454
455
456
457
458
459
460
295
296
297
298
299
300
301
302
303
304
305
306
307
308
309
310
311
312
313
314
315
316
317
318
319
320
321
322
323
324
325
326
327
328
329
330
331
332
333
334
335
336
337
338
339
340
341
342
343
344
345
346
347
348
349
350
351
352
353
354
355
356
357
358
359
360
361
362
295
296
297
298
299
300
300
301
302
303
304
305
306
307
308
309
310
311
312
313
314
315
316
317
318
319
320
321
322
323
324
325
326
327
328
329
330
331
332
333
334
335
336
337
338
339
340
341
342
343
344
345
346
347
348
349
350
351
352
353
354
355
356
357
358
359
360
361
299
300
301
302
303
304
305
306
307
308
309
310
311
312
313
314
315
316
317
318
319
320
321
322
323
324
325
326
327
328
329
330
331
332
333
334
335
336
337
338
339
340
341
342
343
344
345
346
347
348
349
350
351
352
353
354
354
355
356
357
358
359
360
361
362
363
364
365
366
367
368
369
370
371
372
373
374
375
376
377
378
379
380
381
382
383
384
385
386
387
388
389
390
391
391
392
393
394
395
396
397
398
399
400
401
402
403
404
405
406
407
408
409
410
411
412
413
414
415
416
417
418
419
420
421
422
423
423
424
425
426
427
428
429
430
431
432
433
434
435
436
437
438
439
440
441
442
443
444
445
446
447
448
449
450
451
452
453
454
455
456
457
458
459
460
461
462
463
464
465
466
467
468
469
470
471
472
473
474
475
476
477
478
478
479
480
481
482
483
484
485
486
487
488
489
490
490
491
492
493
494
494
495
496
272
272
273
274
275
276
277
278
279
280
281
281
281
282
282
283
284
285
286
287
288
272
273
274
275
276
277
278
279
280
281
282
283
284
285
286
287
288
289
290
291
292
293
294
295
296
297
298
299
300
301
302
303
304
305
306
307
308
309
310
311
312
313
314
315
316
317
318
319
320
321
322
323
324
325
326
327
328
329
330
331
332
333
334
335
336
337
338
339
340
341
342
343
344
345
346
347
264
265
266
267
268
269
270
270
270
271
272
273
274
275
276
277
278
278
279
280
281
270
270
270
271
272
269
270
271
268
268
268
269
269
260
261
262
262
260
260
261
262
262
262
262
263
264
257
258
259
255
255
256
257
262
263
264
261
262
263
264
265
266
267
268
269
270
271
272
273
274
275
276
277
278
279
280
281
282
283
284
251
251
252
253
254
254
255
256
257
257
258
259
259
260
261
262
263
264
264
265
266
267
258
259
260
260
261
262
263
264
264
265
265
266
267
268
269
270
270
271
272
273
274
275
276
277
278
279
280
280
281
282
242
243
244
241
242
243
244
245
246
247
248
249
250
251
252
253
253
253
254
255
256
257
258
259
260
260
228
229
230
231
261
262
263
264
264
265
266
267
268
269
270
270
254
255
256
254
255
256
257
258
259
260
261
281
282
283
284
285
286
286
287
288
289
289
290
291
292
293
271
272
273
274
275
276
277
278
279
280
280
281
282
283
284
285
286
287
288
289
290
291
292
266
267
267
268
265
266
267
268
268
268
261
262
265
266
260
261
262
263
264
264
264
265
258
258
259
260
255
256
257
258
258
259
260
261
262
263
264
265
266
267
268
268
268
269
270
252
253
254
255
256
257
258
258
259
256
257
257
258
259
260
263
264
265
266
267
268
269
269
270
271
263
263
264
265
261
270
271
272
273
269
270
271
272
273
273
274
274
271
271
272
273
274
275
276
277
278
278
278
278
279
279
280
281
282
271
272
273
279
280
281
282
283
284
285
271
271
272
273
274
275
275
275
275
271
272
272
273
274
275
276
277
278
279
279
280
281
282
283
284
285
286
287
288
289
290
291
292
293
294
295
296
297
298
299
300
300
300
301
302
303
304
305
305
306
307
308
282
495
496
497
498
499
500
491
492
479
480
481
482
483
483
483
483
483
484
485
485
486
487
488
489
490
491
492
493
494
495
496
497
498
499
500
501
502
503
503
504
505
506
507
424
425
392
392
393
394
395
396
396
397
355
356
357
358
359
360
361
362
363
363
364
365
366
367
368
369
370
371
372
373
374
375
376
377
378
379
380
381
448
449
450
450
439
440
441
442
443
444
445
445
445
426
427
428
429
430
431
401
402
403
404
405
405
406
358
359
360
361
362
363
364
365
366
367
367
313
314
315
315
316
316
317
318
319
320
321
321
322
323
295
296
224
221
222
224
221
222
222
222
223
223
223
223
224
225
226
227
213
214
214
212
213
214
215
216
217
223
224
225
229
230
229
230
230
227
227
228
229
230
231
222
222
223
223
224
225
226
227
227
228
228
229
229
230
231
232
233
234
234
235
236
237
238
239
240
241
228
216
217
218
218
219
219
220
221
222
223
224
225
226
227
228
277
278
279
280
280
281
281
282
283
284
285
286
409
410
411
411
412
413
414
415
415
416
417
418
419
367
368
369
369
370
371
372
372
373
374
375
376
377
378
379
380
381
382
383
384
385
386
387
388
389
390
391
392
393
394
395
396
397
398
399
399
400
401
401
401
402
403
404
405
406
407
408
409
410
410
411
412
413
414
415
416
417
418
419
420
421
422
423
424
425
426
427
428
429
430
431
432
433
434
435
436
437
438
438
439
439
440
441
442
443
444
445
446
447
448
449
450
451
452
453
454
455
456
457
458
459
459
459
460
461
462
463
464
465
466
467
468
469
470
471
472
473
474
475
476
477
478
479
480
481
482
483
484
485
486
487
488
489
490
491
492
493
494
495
496
497
498
499
500
501
502
503
504
505
506
507
508
508
509
510
511
512
513
514
515
516
516
517
518
519
520
521
521
522
522
523
524
525
526
527
528
529
530
531
532
533
534
535
536
537
538
539
540
541
542
543
544
544
545
546
547
548
549
550
551
552
553
554
555
556
557
558
559
560
560
560
561
561
562
563
564
565
566
567
568
569
570
571
572
573
574
575
576
577
578
579
580
581
582
583
584
585
585
586
586
587
588
589
590
591
592
593
594
595
596
597
598
599
600
601
602
603
604
605
606
607
608
609
610
611
612
612
613
614
615
616
617
618
619
620
621
621
622
623
624
625
626
627
628
629
261
262
263
264
265
266
267
268
269
270
271
252
253
254
255
256
257
258
258
259
260
261
262
263
264
265
266
267
268
269
270
271
272
273
274
275
276
277
278
279
280
281
282
283
283
284
285
286
287
288
289
290
291
292
293
294
295
296
297
298
299
300
301
302
303
304
305
306
306
307
308
309
310
311
312
313
314
315
316
317
318
319
320
321
322
323
324
325
326
327
328
329
330
331
332
333
334
335
336
337
338
339
340
341
342
343
344
345
346
347
348
349
350
351
352
353
354
355
356
357
358
359
360
361
362
363
364
365
366
367
311
312
313
314
315
316
317
318
319
320
321
322
323
324
325
326
327
328
329
330
331
332
333
334
335
336
337
338
339
340
341
342
343
344
345
346
347
348
349
350
351
352
353
354
355
356
357
358
359
360
361
362
363
364
365
366
367
368
369
370
371
372
373
374
375
376
377
378
379
380
381
382
383
384
385
386
387
388
389
390
391
392
393
394
394
395
395
396
397
307
308
309
309
310
311
312
313
314
314
314
315
315
316
317
317
318
319
320
321
322
323
324
325
326
327
328
329
330
331
332
333
334
335
336
337
338
338
339
340
341
342
343
344
345
346
347
348
293
293
294
294
295
296
297
298
299
300
301
302
302
303
303
293
294
295
296
297
298
299
300
301
302
303
304
305
306
307
308
308
309
310
287
287
288
289
290
291
300
301
302
303
303
304
305
306
307
307
308
295
296
297
298
299
300
301
302
303
304
305
306
307
308
309
310
311
312
313
314
315
316
317
318
319
320
321
322
323
324
325
326
327
328
329
330
331
332
333
334
335
336
337
338
339
340
341
342
343
344
345
346
347
348
349
350
351
352
353
354
355
356
357
358
359
360
361
362
363
364
365
366
367
368
369
370
371
372
373
374
375
376
286
287
288
289
290
291
292
292
293
294
295
296
297
298
299
300
301
302
303
304
305
306
307
308
309
309
310
287
287
288
289
286
286
287
288
289
290
291
292
283
284
282
283
284
284
285
286
286
287
288
289
290
291
292
293
294
295
296
297
298
299
300
301
302
302
303
303
304
305
283
284
285
286
307
308
304
305
306
307
297
298
298
299
300
301
301
302
303
304
304
305
306
306
307
296
296
297
298
299
300
301
302
303
304
305
306
307
285
286
272
271
272
273
274
275
276
277
277
277
278
275
276
277
278
279
280
281
282
282
283
284
284
285
286
286
287
288
289
290
291
292
292
293
293
294
294
295
296
297
298
299
300
301
301
302
303
304
305
305
305
306
307
308
309
309
310
311
312
313
314
314
315
316
259
260
261
262
262
263
264
264
265
265
266
267
268
269
270
271
272
273
274
275
276
277
278
279
280
281
282
283
284
285
286
287
288
289
290
291
291
292
293
294
295
296
297
298
299
300
301
302
302
303
304
305
305
305
306
307
308
309
310
310
311
312
276
277
278
279
280
271
272
273
274
275
276
277
278
279
280
281
282
283
284
285
286
287
288
289
290
291
292
293
294
295
296
297
298
299
211
212
213
214
215
216
217
218
219
220
221
222
223
224
225
226
227
228
229
230
231
232
233
234
235
236
237
238
239
240
241
242
243
244
245
246
247
248
249
250
251
252
253
254
255
256
257
258
259
260
261
262
263
264
265
266
267
268
269
270
271
272
273
274
275
276
277
278
279
280
281
282
283
284
285
286
287
288
289
290
291
292
293
294
295
296
297
298
299
300
301
302
303
303
304
305
306
307
216
207
207
207
208
209
210
211
212
213
214
215
216
217
218
219
220
201
202
203
204
final : 300
205
206
207
208
209
210
211
212
213
214
215
216
217
218
219
220
221
222
223
224
225
226
227
185
184
184
185
186
187
183
184
185
186
187
188
189
190
191
192
193
194
195
212
212
213
214
215
301
302
293
294
295
296
297
298
299
300
301
284
283
284
285
286
287
288
269
270
271
272
273
274
275
276
294
286
287
288
289
290
291
292
293
294
295
296
297
298
270
267
268
265
266
267
268
269
270
271
272
273
274
275
276
277
278
279
280
281
287
288
287
288
289
290
291
292
293
294
295
296
297
298
299
300
301
302
270
271
272
273
202
203
204
205
206
207
208
209
197
198
199
200
196
196
197
198
199
200
201
202
203
204
205
206
207
208
209
210
211
212
213
214
215
240
241
242
243
244
245
246
247
248
249
250
228
229
230
231
232
233
234
235
236
237
238
239
202
200
201
202
203
204
198
199
200
201
197
198
199
200
274
275
276
277
278
279
280
281
282
283
284
212
213
214
215
216
217
218
219
220
221
222
223
224
225
226
227
228
229
230
231
232
233
231
230
231
232
233
234
235
236
237
208
209
210
304
305
306
307
308
309
310
311
312
313
314
315
316
317
318
319
320
321
322
323
324
325
326
327
328
329
330
331
332
333
334
335
336
337
338
339
340
341
342
343
344
345
346
347
348
349
350
351
352
353
354
355
356
357
358
359
360
361
362
363
364
365
366
367
368
369
370
371
372
373
374
375
376
377
378
379
380
381
382
383
384
385
386
387
388
389
390
391
391
392
393
394
395
396
397
398
399
400
401
402
403
404
405
406
407
408
409
410
411
412
413
414
415
416
417
418
419
420
421
422
423
424
425
426
427
428
429
430
431
432
433
434
435
436
437
438
439
440
441
442
443
444
445
446
447
448
449
450
451
452
453
454
455
456
457
458
458
459
460
461
462
463
464
465
466
467
468
469
470
471
472
473
474
475
476
477
478
479
480
481
482
483
484
485
486
487
488
489
490
491
492
493
494
495
496
497
498
499
500
501
502
503
504
505
506
507
508
509
510
511
512
513
514
515
516
517
518
519
520
521
522
523
524
525
526
527
528
529
530
531
532
533
534
535
536
537
538
539
540
541
542
543
544
545
546
547
548
549
550
551
552
553
554
555
556
557
558
559
560
561
562
563
564
565
566
567
568
569
570
571
572
573
574
575
576
577
578
579
580
581
582
583
584
585
586
587
588
589
590
591
592
593
594
595
596
597
598
599
600
601
602
603
604
605
606
607
608
609
610
611
612
613
614
615
616
617
618
619
620
621
622
623
624
625
626
627
628
629
630
631
632
633
634
635
636
637
638
639
640
641
642
643
644
645
646
647
648
649
650
651
652
653
654
655
656
657
658
659
660
661
662
663
664
665
666
667
668
669
670
671
672
673
674
675
676
677
677
678
679
680
681
682
683
684
685
686
687
688
689
690
691
692
693
694
695
696
697
698
699
700
701
702
703
704
705
706
707
708
709
710
711
712
713
714
715
716
717
718
311
306
307
306
307
303
292
293
294
295
266
265
266
263
315
316
317
318
319
310
311
312
306
306
302
303
295
294
295
293
294
285
286
287
288
283
284
285
286
287
288
289
290
278
279
278
279
280
281
282
283
284
285
297
305
306
302
303
304
305
299
300
301
304
305
303
304
305
306
287
288
285
286
287
288
289
290
291
292
293
294
288
310
311
293
294
295
296
297
298
299
300
301
302
303
304
305
306
308
309
310
304
305
306
307
308
309
310
311
312
313
304
305
306
303
304
305
306
307
308
295
294
339
340
341
316
317
315
316
317
318
319
320
310
311
312
396
395
396
397
398
307
284
259
260
261
262
263
264
265
266
267
268
269
270
622
623
624
625
626
613
614
615
587
586
587
588
589
590
591
592
561
562
561
562
563
564
545
546
547
548
549
550
551
552
522
523
517
518
519
520
509
510
511
512
513
514
515
516
517
518
519
520
521
522
523
524
525
526
527
528
460
461
462
463
464
465
466
467
468
469
439
440
441
442
443
444
445
411
412
413
414
415
402
403
404
405
406
407
400
401
402
403
404
373
374
375
376
377
378
370
371
416
412
413
282
283
281
282
283
284
220
219
220
221
222
223
224
225
226
227
228
229
230
228
229
230
231
224
223
224
225
226
227
228
229
230
231
228
229
230
231
231
232
233
234
235
236
215
216
217
224
224
225
224
225
226
227
228
229
223
223
224
225
322
323
324
325
326
327
328
329
317
316
317
318
319
320
321
322
368
369
370
371
372
406
407
408
409
410
411
412
446
447
448
449
450
451
452
453
454
455
456
457
458
459
460
461
462
463
464
465
466
451
452
453
454
455
456
457
458
459
460
461
364
365
366
367
368
397
398
399
400
401
402
393
394
395
396
504
505
506
507
508
486
487
488
489
490
491
484
485
486
487
488
484
485
484
485
484
485
486
487
488
306
307
308
309
301
301
302
303
304
305
280
281
282
283
284
285
286
287
288
289
273
274
276
276
272
273
274
275
276
277
280
281
282
283
284
279
279
279
280
272
273
274
275
276
277
278
279
280
281
270
271
272
273
274
275
276
258
259
260
261
259
269
269
270
271
259
260
261
262
259
260
261
262
265
266
267
268
269
270
271
272
273
274
275
269
270
268
269
270
271
272
273
274
275
276
277
278
279
280
281
290
291
292
287
288
289
290
291
292
293
294
295
296
297
298
299
271
272
273
265
266
267
268
269
270
271
272

Process finished with exit code 0
